36
-0.058333  0.000000  0.004167
 0.058333  0.034722  0.004167
-0.058333  0.034722  0.004167
-0.058333  0.000000  0.004167
 0.058333  0.000000  0.004167
 0.058333  0.034722  0.004167
 0.058333  0.000000  0.004167
 0.058333  0.000000 -0.004167
 0.058333  0.034722 -0.004167
 0.058333  0.000000  0.004167
 0.058333  0.034722 -0.004167
 0.058333  0.034722  0.004167
-0.058333  0.000000 -0.004167
-0.058333  0.034722 -0.004167
 0.058333  0.034722 -0.004167
-0.058333  0.000000 -0.004167
 0.058333  0.034722 -0.004167
 0.058333  0.000000 -0.004167
-0.058333  0.000000 -0.004167
-0.058333  0.000000  0.004167
-0.058333  0.034722 -0.004167
-0.058333  0.000000  0.004167
-0.058333  0.034722  0.004167
-0.058333  0.034722 -0.004167
-0.058333  0.034722 -0.004167
-0.058333  0.034722  0.004167
 0.058333  0.034722 -0.004167
-0.058333  0.034722  0.004167
 0.058333  0.034722  0.004167
 0.058333  0.034722 -0.004167
-0.058333  0.000000  0.004167
-0.058333  0.000000 -0.004167
 0.058333  0.000000 -0.004167
-0.058333  0.000000  0.004167
 0.058333  0.000000 -0.004167
 0.058333  0.000000  0.004167
