36
-1.0 -0.02  1.0
 1.0  0.00  1.0
-1.0  0.00  1.0
-1.0 -0.02  1.0
 1.0 -0.02  1.0
 1.0  0.00  1.0

 1.0 -0.02  1.0
 1.0 -0.02 -1.0
 1.0  0.00 -1.0
 1.0 -0.02  1.0
 1.0  0.00 -1.0
 1.0  0.00  1.0

-1.0 -0.02 -1.0
-1.0  0.00 -1.0
 1.0  0.00 -1.0
-1.0 -0.02 -1.0
 1.0  0.00 -1.0
 1.0 -0.02 -1.0

-1.0 -0.02 -1.0
-1.0 -0.02  1.0
-1.0  0.00 -1.0
-1.0 -0.02  1.0
-1.0  0.00  1.0
-1.0  0.00 -1.0

-1.0  0.00 -1.0
-1.0  0.00  1.0
 1.0  0.00 -1.0
-1.0  0.00  1.0
 1.0  0.00  1.0
 1.0  0.00 -1.0

-1.0 -0.02  1.0
-1.0 -0.02 -1.0
 1.0 -0.02 -1.0
-1.0 -0.02  1.0
 1.0 -0.02 -1.0
 1.0 -0.02  1.0
