36
-0.041667  0.000000  0.027778
 0.041667  0.020834  0.027778
-0.041667  0.020834  0.027778
-0.041667  0.000000  0.027778
 0.041667  0.000000  0.027778
 0.041667  0.020834  0.027778
 0.041667  0.000000  0.027778
 0.041667  0.000000 -0.027778
 0.041667  0.020834 -0.027778
 0.041667  0.000000  0.027778
 0.041667  0.020834 -0.027778
 0.041667  0.020834  0.027778
-0.041667  0.000000 -0.027778
-0.041667  0.020834 -0.027778
 0.041667  0.020834 -0.027778
-0.041667  0.000000 -0.027778
 0.041667  0.020834 -0.027778
 0.041667  0.000000 -0.027778
-0.041667  0.000000 -0.027778
-0.041667  0.000000  0.027778
-0.041667  0.020834 -0.027778
-0.041667  0.000000  0.027778
-0.041667  0.020834  0.027778
-0.041667  0.020834 -0.027778
-0.041667  0.020834 -0.027778
-0.041667  0.020834  0.027778
 0.041667  0.020834 -0.027778
-0.041667  0.020834  0.027778
 0.041667  0.020834  0.027778
 0.041667  0.020834 -0.027778
-0.041667  0.000000  0.027778
-0.041667  0.000000 -0.027778
 0.041667  0.000000 -0.027778
-0.041667  0.000000  0.027778
 0.041667  0.000000 -0.027778
 0.041667  0.000000  0.027778
