36
-0.041667 -0.010417  0.027778
 0.041667  0.010417  0.027778
-0.041667  0.010417  0.027778
-0.041667 -0.010417  0.027778
 0.041667 -0.010417  0.027778
 0.041667  0.010417  0.027778
 0.041667 -0.010417  0.027778
 0.041667 -0.010417 -0.027778
 0.041667  0.010417 -0.027778
 0.041667 -0.010417  0.027778
 0.041667  0.010417 -0.027778
 0.041667  0.010417  0.027778
-0.041667 -0.010417 -0.027778
-0.041667  0.010417 -0.027778
 0.041667  0.010417 -0.027778
-0.041667 -0.010417 -0.027778
 0.041667  0.010417 -0.027778
 0.041667 -0.010417 -0.027778
-0.041667 -0.010417 -0.027778
-0.041667 -0.010417  0.027778
-0.041667  0.010417 -0.027778
-0.041667 -0.010417  0.027778
-0.041667  0.010417  0.027778
-0.041667  0.010417 -0.027778
-0.041667  0.010417 -0.027778
-0.041667  0.010417  0.027778
 0.041667  0.010417 -0.027778
-0.041667  0.010417  0.027778
 0.041667  0.010417  0.027778
 0.041667  0.010417 -0.027778
-0.041667 -0.010417  0.027778
-0.041667 -0.010417 -0.027778
 0.041667 -0.010417 -0.027778
-0.041667 -0.010417  0.027778
 0.041667 -0.010417 -0.027778
 0.041667 -0.010417  0.027778
