36
-0.004167 -0.017361  0.004167
 0.004167  0.017361  0.004167
-0.004167  0.017361  0.004167
-0.004167 -0.017361  0.004167
 0.004167 -0.017361  0.004167
 0.004167  0.017361  0.004167
 0.004167 -0.017361  0.004167
 0.004167 -0.017361 -0.004167
 0.004167  0.017361 -0.004167
 0.004167 -0.017361  0.004167
 0.004167  0.017361 -0.004167
 0.004167  0.017361  0.004167
-0.004167 -0.017361 -0.004167
-0.004167  0.017361 -0.004167
 0.004167  0.017361 -0.004167
-0.004167 -0.017361 -0.004167
 0.004167  0.017361 -0.004167
 0.004167 -0.017361 -0.004167
-0.004167 -0.017361 -0.004167
-0.004167 -0.017361  0.004167
-0.004167  0.017361 -0.004167
-0.004167 -0.017361  0.004167
-0.004167  0.017361  0.004167
-0.004167  0.017361 -0.004167
-0.004167  0.017361 -0.004167
-0.004167  0.017361  0.004167
 0.004167  0.017361 -0.004167
-0.004167  0.017361  0.004167
 0.004167  0.017361  0.004167
 0.004167  0.017361 -0.004167
-0.004167 -0.017361  0.004167
-0.004167 -0.017361 -0.004167
 0.004167 -0.017361 -0.004167
-0.004167 -0.017361  0.004167
 0.004167 -0.017361 -0.004167
 0.004167 -0.017361  0.004167
