36
-0.058333 -0.017361  0.004167
 0.058333  0.017361  0.004167
-0.058333  0.017361  0.004167
-0.058333 -0.017361  0.004167
 0.058333 -0.017361  0.004167
 0.058333  0.017361  0.004167
 0.058333 -0.017361  0.004167
 0.058333 -0.017361 -0.004167
 0.058333  0.017361 -0.004167
 0.058333 -0.017361  0.004167
 0.058333  0.017361 -0.004167
 0.058333  0.017361  0.004167
-0.058333 -0.017361 -0.004167
-0.058333  0.017361 -0.004167
 0.058333  0.017361 -0.004167
-0.058333 -0.017361 -0.004167
 0.058333  0.017361 -0.004167
 0.058333 -0.017361 -0.004167
-0.058333 -0.017361 -0.004167
-0.058333 -0.017361  0.004167
-0.058333  0.017361 -0.004167
-0.058333 -0.017361  0.004167
-0.058333  0.017361  0.004167
-0.058333  0.017361 -0.004167
-0.058333  0.017361 -0.004167
-0.058333  0.017361  0.004167
 0.058333  0.017361 -0.004167
-0.058333  0.017361  0.004167
 0.058333  0.017361  0.004167
 0.058333  0.017361 -0.004167
-0.058333 -0.017361  0.004167
-0.058333 -0.017361 -0.004167
 0.058333 -0.017361 -0.004167
-0.058333 -0.017361  0.004167
 0.058333 -0.017361 -0.004167
 0.058333 -0.017361  0.004167
