v -0.058333  0.000000  0.004167
v  0.058333  0.000000  0.004167
v  0.058333  0.034722  0.004167
v -0.058333  0.034722  0.004167

v  0.058333  0.000000  0.004167
v  0.058333  0.000000 -0.004167
v  0.058333  0.034722 -0.004167
v  0.058333  0.034722  0.004167

v -0.058333  0.000000 -0.004167
v -0.058333  0.034722 -0.004167
v  0.058333  0.034722 -0.004167
v  0.058333  0.000000 -0.004167

v -0.058333  0.000000 -0.004167
v -0.058333  0.000000  0.004167
v -0.058333  0.034722  0.004167
v -0.058333  0.034722 -0.004167

v -0.058333  0.034722 -0.004167
v -0.058333  0.034722  0.004167
v  0.058333  0.034722  0.004167
v  0.058333  0.034722 -0.004167

v -0.058333  0.000000  0.004167
v -0.058333  0.000000 -0.004167
v  0.058333  0.000000 -0.004167
v  0.058333  0.000000  0.004167

f  0,  1,  2,   0,  2,  3
f  4,  5,  6,   4,  6,  7
f  8,  9, 10,   8, 10, 11
f 12, 13, 14,  12, 14, 15
f 16, 17, 18,  16, 18, 19
f 20, 21, 22,  20, 22, 23
